4 100
B
L B G
M L B
G
1 1 1 1
1 1 1 1
1 1 1 1
1 1 1 1
1 1 1 1
1 1 1 1
1 1 1 1
1 1 1 1
1 1 1 1
1 1 1 1
1 1 1 1
1 1 1 1
1 1 1 1
1 1 1 1
1 1 1 1
1 1 1 1
1 1 1 1
1 1 1 1
1 1 1 1
1 1 1 1
1 1 1 1
1 1 1 1
1 1 1 1
1 1 1 1
1 1 1 1
1 1 1 1
1 1 1 1
1 1 1 1
1 1 1 1
1 1 1 1
1 1 1 1
1 1 1 1
1 1 1 1
1 1 1 1
1 1 1 1
1 1 1 1
1 1 1 1
1 1 1 1
1 1 1 1
1 1 1 1
1 1 1 1
1 1 1 1
1 1 1 1
1 1 1 1
1 1 1 1
1 1 1 1
1 1 1 1
1 1 1 1
1 1 1 1
1 1 1 1
1 1 1 1
1 1 1 1
1 1 1 1
1 1 1 1
1 1 1 0
1 0 1 1
1 0 1 1
1 0 1 1
1 0 1 1
1 0 1 1
1 0 1 1
1 0 1 1
1 0 1 0
1 0 1 0
1 0 1 0
1 0 1 0
1 0 1 0
1 0 1 0
1 0 1 0
1 0 1 0
1 0 1 0
1 0 1 0
1 0 1 0
1 0 1 0
1 0 1 0
1 0 1 0
1 0 1 0
1 0 1 0
1 0 1 0
1 0 1 0
1 0 1 0
1 0 1 0
1 0 1 0
1 0 1 0
1 0 1 0
1 0 1 0
1 0 1 0
1 0 1 0
1 0 1 0
0 1 1 1
0 1 1 1
0 1 1 1
0 0 1 0
0 0 1 0
0 0 0 1
0 0 0 1
0 0 0 1
0 0 0 1
0 0 0 0
0 0 0 0